#1
double LegLengths(32,7)
  0  0.1703503386743532  0.1703503386743532  0.1703503386743532  0.1703503386743532  0.1703503386743532  0.1703503386743532
  0.1  0.1703503386743532  0.1703503386743532  0.1703503386743532  0.1703503386743532  0.1703503386743532  0.1703503386743532
  0.2  0.1703503386743532  0.1703503386743532  0.1703503386743532  0.1703503386743532  0.1703503386743532  0.1703503386743532
  0.3  0.1703503386743532  0.1703503386743532  0.1703503386743532  0.1703503386743532  0.1703503386743532  0.1703503386743532
  0.4  0.1703503386743532  0.1703503386743532  0.1703503386743532  0.1703503386743532  0.1703503386743532  0.1703503386743532
  0.5  0.1703503386743532  0.1703503386743532  0.1703503386743532  0.1703503386743532  0.1703503386743532  0.1703503386743532
  0.6  0.1703503386743532  0.1703503386743532  0.1703503386743532  0.1703503386743532  0.1703503386743532  0.1703503386743532
  0.7  0.1703503386743532  0.1703503386743532  0.1703503386743532  0.1703503386743532  0.1703503386743532  0.1703503386743532
  0.8  0.1703503386743532  0.1703503386743532  0.1703503386743532  0.1703503386743532  0.1703503386743532  0.1703503386743532
  0.9  0.1703503386743532  0.1703503386743532  0.1703503386743532  0.1703503386743532  0.1703503386743532  0.1703503386743532
  1  0.1703503386743532  0.1703503386743532  0.1703503386743532  0.1703503386743532  0.1703503386743532  0.1703503386743532
  1.1  0.16739676925420363  0.1776731172917162  0.17737521806878484  0.1815937049422307  0.1735582338813556  0.17192268930726298
  1.2  0.16472164586563467  0.18488608011853053  0.18492874942202833  0.1930320582061116  0.1772785276014561  0.1740053588345254
  1.3  0.1623360770245883  0.19195251220322176  0.1929262391119519  0.20463166249778583  0.18153543918469225  0.17658620471330871
  1.4  0.16025120726774425  0.1988421014709684  0.20128553685678366  0.2163583336174842  0.18634747244888117  0.17965138466256408
  1.5  0.15847844330986288  0.205530353714545  0.20992836609599516  0.22817758270993882  0.19172674200307327  0.18318568918022984
  1.6  0.1570296562341681  0.21199814218595833  0.21878106703060735  0.24005475996640221  0.19767861900464098  0.18717283327977355
  1.7  0.15591733991308673  0.21823136634877002  0.22777492631515914  0.2519551987185103  0.20420168742668768  0.19159569663738316
  1.8  0.15515470611769283  0.22422069660908253  0.23684623812061367  0.2638443600986332  0.21128797415666695  0.19643650798920115
  1.9  0.15475569891385102  0.2299613845928845  0.24593620624777943  0.27568797836458103  0.21892339709662137  0.20167697530751313
  2  0.15473491515336102  0.23545312111783206  0.25499076475419247  0.28745220692379153  0.22708836654024717  0.2072983675315449
  2.1  0.15473491515336102  0.23545312111783206  0.25499076475419247  0.28745220692379153  0.22708836654024717  0.2072983675315449
  2.2  0.15473491515336102  0.23545312111783206  0.25499076475419247  0.28745220692379153  0.22708836654024717  0.2072983675315449
  2.3  0.15473491515336102  0.23545312111783206  0.25499076475419247  0.28745220692379153  0.22708836654024717  0.2072983675315449
  2.4  0.15473491515336102  0.23545312111783206  0.25499076475419247  0.28745220692379153  0.22708836654024717  0.2072983675315449
  2.5  0.15473491515336102  0.23545312111783206  0.25499076475419247  0.28745220692379153  0.22708836654024717  0.2072983675315449
  2.6  0.15473491515336102  0.23545312111783206  0.25499076475419247  0.28745220692379153  0.22708836654024717  0.2072983675315449
  2.7  0.15473491515336102  0.23545312111783206  0.25499076475419247  0.28745220692379153  0.22708836654024717  0.2072983675315449
  2.8  0.15473491515336102  0.23545312111783206  0.25499076475419247  0.28745220692379153  0.22708836654024717  0.2072983675315449
  2.9  0.15473491515336102  0.23545312111783206  0.25499076475419247  0.28745220692379153  0.22708836654024717  0.2072983675315449
  3  0.15473491515336102  0.23545312111783206  0.25499076475419247  0.28745220692379153  0.22708836654024717  0.2072983675315449
  3.1  0.15473491515336102  0.23545312111783206  0.25499076475419247  0.28745220692379153  0.22708836654024717  0.2072983675315449

